rank,uri,artist_names,track_name,source,peak_rank,previous_rank,weeks_on_chart,streams
1,"spotify:track:0nI4wU2023g1mFho21Vddr","Manuel","Tiara","Gold Record Music Kft.",1,14,2,"500293"
2,"spotify:track:5doAzQzWfbAWMvh2eXxvdf","KKevin","RÓLAD SZÓL","KKEVIN",2,-1,1,"305140"
3,"spotify:track:2zIijzos3rNY6DkvX2ZYDX","Pogány Induló","Úgy Hiszem","ASAN Budapest",1,2,4,"278938"
4,"spotify:track:4iLTcaEz2yfnUDkO5XTe3B","Azahriah","mariana.árok","Supermanagement",1,1,3,"228628"
5,"spotify:track:1zWdoNRmxhBaAJiJI2SI7j","Pogány Induló","Mámor","ASAN Budapest",2,4,4,"216863"
6,"spotify:track:13EtEH0X61xnyEChVmeb2Q","Pogány Induló, Parno Graszt","Székelykapu","ASAN Budapest",3,3,4,"213751"
7,"spotify:track:3U5JVgI2x4rDyHGObzJfNf","Natasha Bedingfield","Unwritten","Sony Music CG",3,7,7,"186435"
8,"spotify:track:2EAvOY1uymm5ZAd0ZbnnPW","Azahriah","introvertált dal","Supermanagement",1,6,54,"183054"
9,"spotify:track:1E2flGJxXQNeBLRqQXiAsK","DESH, Young Fly, Azahriah, Lord Panamo","Rampapapam","Supermanagement",1,5,32,"182611"
10,"spotify:track:6tNQ70jh4OwmPGpYy6R2o9","Benson Boone","Beautiful Things","Night Street Records, Inc./Warner Records Inc.",10,13,6,"179809"
11,"spotify:track:3w0w2T288dec0mgeZZqoNN","¥$, Kanye West, Ty Dolla $ign, Rich The Kid, Playboi Carti","CARNIVAL","Ye",11,17,3,"167440"
12,"spotify:track:5ZY255MSISgMrvHmRZux1E","Azahriah","3korty","Supermanagement",1,10,44,"164118"
13,"spotify:track:4Q6pUe0KTMlqRoxJpXCytk","Pogány Induló","Gengetek ellen","ASAN Budapest",2,9,8,"159568"
14,"spotify:track:6S8A2hIs3iqFnn3ZdQGg68","Pogány Induló","Kitartást","ASAN Budapest",3,8,6,"157247"
15,"spotify:track:7BHYrsEYySLRs6PcZvvFEm","T. Danny, Young Fly","No Woman No Cry","T. Danny",1,11,10,"149452"
16,"spotify:track:3bccJlU6zh1SZ79jvduQ06","Pogány Induló, ekhoe","15","ASAN Budapest",6,12,4,"145999"
17,"spotify:track:3rUGC1vUpkDG9CZFHMur1t","Tate McRae","greedy","RCA Records Label",4,16,24,"145243"
18,"spotify:track:7kIn3HrqM432chtEydQgMb","Tomi, VALMAR","Valencia","Szatmári Tamás",1,18,23,"139754"
19,"spotify:track:1BXp9PwKtW5AKD0QDdaPSw","DESH","Osztriga","Supermanagement",2,20,16,"124172"
20,"spotify:track:15EdGSZSF1egiaBuqMqTZd","Pogány Induló, VZS, Hibrid","Zárka","ASAN Budapest",9,19,4,"119627"
21,"spotify:track:70EqnZ68XyFO16FkSEidUJ","HENN","SANDELA","Bedlam Records",21,30,6,"118321"
22,"spotify:track:52eIcoLUM25zbQupAZYoFh","21 Savage","redrum","Slaughter Gang, LLC/Epic Records",8,24,7,"118124"
23,"spotify:track:2IetMd5ZFurl1sjSAqhq2O","Azahriah, DESH","ceremónia","Supermanagement",2,21,28,"118094"
24,"spotify:track:1tCIXEBHBFHO1x3M07z3xy","DESH, Young Fly","Pakisztáni/popo","Supermanagement",1,26,32,"115907"
25,"spotify:track:6Qb7YsAqH4wWFUMbGsCpap","Dua Lipa","Training Season","Warner Records",15,15,2,"115290"
26,"spotify:track:2KViM7OZzQU9mLWxJxHJWG","Pogány Induló, ANUBII$","Afro Beat","ASAN Budapest",8,28,53,"112779"
27,"spotify:track:6DWhDivRPga2RL1A75heOa","Beton.Hofi, Hundred Sins, laurie., Dom Beats","HOLNAP MEGÁLLNAK AZ ÓRÁK","Banana Records",5,22,4,"110765"
28,"spotify:track:2ZpLz23RdZWWIFqeLZI6No","Manuel","AURA","Gold Record Music Kft.",9,32,9,"108815"
29,"spotify:track:6xtrxNn56pSi1qvYXMUapg","Pogány Induló, Ótvar Pestis","J11","ASAN Budapest",11,23,4,"107545"
30,"spotify:track:1VPU7SKdABCb3gNCNjMFIZ","Azahriah, DESH","lost tiki","Supermanagement",5,25,28,"106367"
31,"spotify:track:4OMJGnvZfDvsePyCwRGO7X","Dua Lipa","Houdini","Warner Records",16,29,15,"106170"
32,"spotify:track:4VXiDjCRkKHvXFhSX7OEri","Bruno X Spacc, KÚTVÖLGYI SÁRA","Loca","Bruno X Spacc",3,31,9,"105578"
33,"spotify:track:7p4td8M7s55OQvr7kyLC0Y","T. Danny","Viszlát","T. Danny",27,27,2,"100893"
34,"spotify:track:18DVypBkvcJtVFzQr5Ly7J","Beton.Hofi, Hundred Sins","BAGIRA","Universal Music Kft. Hungary",1,37,80,"97822"
35,"spotify:track:7GUhiAHLoVy1V8ucQuZ3CB","The Weeknd, Playboi Carti, Madonna","Popular (with Playboi Carti & Madonna)","Universal Republic Records",10,40,39,"97173"
36,"spotify:track:7lemjnVRAqQtqqLdSqCKqM","Azahriah, DESH","Mind1","Supermanagement",1,36,144,"96603"
37,"spotify:track:156AeYPPIRgeYJWmC3JUbO","DESH","Apály","Supermanagement",19,34,12,"96460"
38,"spotify:track:1Qzkw4QaTXbVd1TmDzSNOv","Azahriah","gát","Supermanagement",6,33,44,"95219"
39,"spotify:track:3qhlB30KknSejmIvZZLjOD","Djo","End of Beginning","Djo",39,127,2,"94569"
40,"spotify:track:3bK1zVFBKIzYjmptmI4NsJ","Ofenbach, Norma Jean Martine","Overdrive (feat. Norma Jean Martine)","Elektra France",40,48,8,"93638"
41,"spotify:track:17phhZDn6oGtzMe56NuWvj","Teddy Swims","Lose Control","Warner Records",41,67,8,"93606"
42,"spotify:track:31nfdEooLEq7dn3UMcIeB5","BENNETT","Vois sur ton chemin - Techno Mix","Warner Music Central Europe",22,43,30,"92317"
43,"spotify:track:0NECD9bmlKlhxuZHQ5sq7J","Bruno X Spacc","Ördög Nórika","Bruno X Spacc",5,39,31,"92235"
44,"spotify:track:0nQuoTxzDIVoWzaTgF5xtW","Dzsúdló, Azahriah","Várnék","Supermanagement",1,38,82,"91318"
45,"spotify:track:4fzbwV7qglR3mPit64hXse","L.L. Junior, KKevin, Rytmus, Érdi Baba","Cigány-ügy","L.L. Junior",11,46,15,"90526"
46,"spotify:track:1tAyEL10PQDcIvEL2o75wt","Azahriah","figyelj","Supermanagement",2,41,82,"89216"
47,"spotify:track:3kSSX7BGVHRjhsTziPJpr9","Pogány Induló","SKIT","ASAN Budapest",16,35,4,"88392"
48,"spotify:track:5pYNDOTIoZZ5ab77vb8EO3","Azahriah, DESH","Rét","Supermanagement",30,44,47,"87726"
49,"spotify:track:5mjYQaktjmjcMKcUIcqz4s","Kenya Grace","Strangers","Warner Records/Major Recordings",10,53,26,"85186"
50,"spotify:track:6eaaIxWaso3ooRdPDS5PuN","DESH, Young Fly, KKevin","Rollin'","Supermanagement",1,54,34,"84387"
51,"spotify:track:7guuxhxRSe7SDCYIkxodUx","4s Street","Mesélek a bornak","Mistral Music",25,49,80,"83772"
52,"spotify:track:3DTF2AIcHMwZ1q1gz9zspi","Azahriah","szosziazi","Supermanagement",1,42,52,"83640"
53,"spotify:track:42VsgItocQwOQC3XWZ8JNA","Travis Scott, Playboi Carti","FE!N (feat. Playboi Carti)","Cactus Jack/Epic",15,47,27,"83601"
54,"spotify:track:59NraMJsLaMCVtwXTSia8i","cassö, RAYE, D-Block Europe","Prada","Ministry of Sound Recordings",31,52,28,"83595"
55,"spotify:track:3UlXaigjBM3sHyOpDbh1RI","Azahriah","casa de papel","Supermanagement",4,45,44,"82387"
56,"spotify:track:69phA1R4gmQsBFRQ3INW8C","Rich Amiri","ONE CALL","Internet Money Records / 10K Projects",51,51,6,"81308"
57,"spotify:track:1VNWdmXSbaNrnWod10WIL0","The Weeknd, JENNIE, Lily-Rose Depp","One Of The Girls (with JENNIE, Lily Rose Depp)","Universal Republic Records",39,61,16,"79513"
58,"spotify:track:3wQlR2WBPLoKAN6uZgRx54","LMEN PRALA","MENTALITAT","LMEN PRALA",16,65,24,"75744"
59,"spotify:track:1odExI7RdWc4BT515LTAwj","David Kushner","Daylight","Miserable Music Group, LLC",3,62,46,"75724"
60,"spotify:track:4xhsWYTOGcal8zt0J161CU","Jack Harlow","Lovin On Me","Generation Now/Atlantic",21,58,16,"75229"
61,"spotify:track:6Rc6C6S4lgT5j1OekgI155","Azahriah, DESH","Pullup","Supermanagement",1,57,93,"75065"
62,"spotify:track:7AYmToZ5y67fBjq4RLFbuq","Beyoncé","TEXAS HOLD 'EM","Parkwood Entertainment/Columbia",62,107,2,"73207"
63,"spotify:track:4MQDC8hquSlvTBq8gMoPPo","Azahriah","valami amerikai","Supermanagement",5,50,23,"72846"
64,"spotify:track:3tYdb1HYnrqcq9bdwsuxfg","VZS","Gurulgatok","VZS",25,66,23,"72813"
65,"spotify:track:0sqbvBbyS2Tke9oQkLJ750","Kain, ekhoe, Pogány Induló","Latyo és haze","Kain",10,60,59,"71746"
66,"spotify:track:5FW58MYtSU6mFxp88eOHI8","DESH","Malibu","Supermanagement",15,81,70,"71538"
67,"spotify:track:520pvY0G0yZ9Jcwlhik7lD","Filo, Apu","seholse","On The Low",7,59,34,"71262"
68,"spotify:track:7DSAEUvxU8FajXtRloy8M0","Miley Cyrus","Flowers","Columbia",1,56,59,"70498"
69,"spotify:track:160oMVPCS32fAjLuJPqcdW","Pogány Induló","Vagy Mindent Vagy Semmit","ASAN Budapest",20,55,4,"69547"
70,"spotify:track:4uUG5RXrOk84mYEfFvj3cK","David Guetta, Bebe Rexha","I'm Good (Blue)","Parlophone UK",3,73,79,"68694"
71,"spotify:track:1K17dNOOtcoC1gLcAbccPp","Azahriah, DESH","Tisztán iszom","Supermanagement",4,70,93,"68380"
72,"spotify:track:1o0TkBcMTkkOg1KUeB4riK","Azahriah","four moods","Supermanagement",1,63,82,"67697"
73,"spotify:track:1vYXt7VSjH9JIM5oRRo7vA","Dua Lipa","Dance The Night - From Barbie The Album","Atlantic Records",13,68,40,"67151"
74,"spotify:track:616njAaXFdHu5rs3FbjyUw","Krúbi","Tárgyalás A Nők Vezérigazgatójával","Krúbi",8,64,15,"67112"
75,"spotify:track:0pWGWWJ9ER9OwUewhBrsi2","VALMAR","Playboy","VLMR MUSIC",11,72,38,"65973"
76,"spotify:track:5TmzMu4UXoUwQe3kONqNns","ekhoe","Kopott szavak","On The Low Inc.",3,86,18,"65461"
77,"spotify:track:6wsqVwoiVH2kde4k4KKAFU","Travis Scott","I KNOW ?","Cactus Jack/Epic",44,71,31,"65120"
78,"spotify:track:7yq4Qj7cqayVTp3FF9CWbm","Vance Joy","Riptide","F-Stop Records/Atlantic",63,82,130,"64380"
79,"spotify:track:2FLH8pUVYNRJIEZcwLyzYy","Follow The Flow","Szélcsend","Supermanagement",3,69,49,"64215"
80,"spotify:track:1n6tyC2tdkD4ZwVas8alR2","Pogány Induló","Gettó csirke","ASAN Budapest",26,93,87,"63783"
81,"spotify:track:5NAOhPAZ57eFAXr3qatS6i","Yeat","Breathe","Field Trip Recordings/Capitol Records",74,74,2,"63406"
82,"spotify:track:05oBtpki5sMSdRO9tggYuH","Kisé, Manuel","10/10","Kisé",82,-1,1,"62764"
83,"spotify:track:3h5TiWTqGxjSjFrbruPFH9","YG Marley","Praise Jah In The Moonlight","YG Marley Music",78,78,4,"62675"
84,"spotify:track:56y1jOTK0XSvJzVv9vHQBK","Doja Cat","Paint The Town Red","Kemosabe Records/RCA Records",6,76,30,"61349"
85,"spotify:track:4kjI1gwQZRKNDkw1nI475M","Travis Scott","MY EYES","Cactus Jack/Epic",46,75,31,"61064"
86,"spotify:track:0Fyqe4e5VjCaFjNSNYWa25","GIMS, Morad, SativaMusic","SEYA","Play Two",86,91,4,"60958"
87,"spotify:track:4f1ZqRQsjJq06CHmpvju2p","Young Fly, DESH","24 karát","Supermanagement",26,84,104,"60363"
88,"spotify:track:0LMwmV37RCmBO2so0szAFs","Kygo, Ava Max","Whatever","Kygo/RCA Records",56,98,6,"59854"
89,"spotify:track:3hRV0jL3vUpRrcy398teAU","Lord Huron","The Night We Met","Play It Again Sam",43,87,42,"59430"
90,"spotify:track:5SDMdbd64hSpeg1OTCUy7L","DESH, Young Fly, Azahriah","Walkin a street","Supermanagement",5,79,32,"59266"
91,"spotify:track:4EWCNWgDS8707fNSZ1oaA5","Kanye West","Heartless","Roc-A-Fella",67,85,37,"58645"
92,"spotify:track:3IhM5Mber8KA0NaRNpK2px","Tiësto","Lay Low","Atlantic Records",17,97,60,"58350"
93,"spotify:track:4Os68ICIOhJVOPfl53TjBP","Beton.Hofi, ajsa luna, Hundred Sins, Beatrick","TISZALÖK","Universal Music Kft. Hungary",7,88,78,"58237"
94,"spotify:track:3XKdJfbBwnxUnn5tdaJoYL","DESH, Azahriah","Papa","Supermanagement",2,80,71,"58087"
95,"spotify:track:3uAoUHEPlLa5pWKpOrmIxo","VALMAR","SZÍNVAK","VLMR MUSIC",12,92,70,"58029"
96,"spotify:track:65zIby9Z03d1bhGvLNJNrA","Shy Smith","Soaked","Robots & Humans",96,117,3,"58017"
97,"spotify:track:4E63weMCaNZuGPEFMnuEi8","Tate McRae","exes","RCA Records Label",59,83,14,"57963"
98,"spotify:track:2wMFX5mdyz7RVzxUr8o9Ql","KKevin","Dealer","KKEVIN",17,122,12,"57913"
99,"spotify:track:09CnYHiZ5jGT1wr1TXJ9Zt","Dimitri Vegas & Like Mike, Tiësto, Dido, W&W, Dimitri Vegas, Like Mike","Thank You (Not So Bad)","Ministry of Sound Recordings",99,119,6,"57817"
100,"spotify:track:7iyoi3UIxyjAykpdXxRzdo","Bruno X Spacc, VALMAR","Baby","Bruno X Spacc",15,102,18,"57620"
101,"spotify:track:7cU3vDXfkH4bAemYBxuoJT","Azahriah, DESH","Miafasz","Supermanagement",2,100,93,"57425"
102,"spotify:track:2a1o6ZejUi8U3wzzOtCOYw","Don Omar, Lucenzo","Danza Kuduro","UMLE - Machete",53,99,90,"56898"
103,"spotify:track:5XeFesFbtLpXzIVDNQP22n","Arctic Monkeys","I Wanna Be Yours","Domino Recording Co",58,94,83,"56593"
104,"spotify:track:1BxfuPKGuaTgP7aM0Bbdwr","Taylor Swift","Cruel Summer","Taylor Swift",71,95,37,"55909"
105,"spotify:track:04CyMEHliadfQWMUJb1w99","¥$, Kanye West, Ty Dolla $ign","BURN","Ye",65,90,3,"54639"
106,"spotify:track:2FjAl2iDsR9LtXQZa3XNag","ekhoe","Smash!","On The Low Inc.",8,96,47,"54382"
107,"spotify:track:2F2p7b5Xq20mRyEeWYaeUF","Purple Disco Machine, Kungs, Julian Perretta","Substitution (feat. Julian Perretta)","Columbia Local",48,112,36,"54175"
108,"spotify:track:3AjSfp5FDvwtMU9XBsbS8j","Creeds","Push Up - Main Edit","Columbia/B1 Recordings",94,115,39,"53392"
109,"spotify:track:6nLt2P4qTu9T787DlfbVi7","DESH","Haramia","Supermanagement",3,103,16,"52931"
110,"spotify:track:38U5WKJpBQncqAss18dLrO","Azahriah, DESH","Habibi","Supermanagement",7,109,93,"52892"
111,"spotify:track:1zoULyy3P5grr7iRLKKmCm","ByeAlex és a Slepp","Ájkosz","Gold Record Music Kft.",2,108,104,"52589"
112,"spotify:track:5ZduaRci3iNUiDfJbBfAaf","Matt Sassari","Give It To Me - Full Vocal Mix","Cr2 Records",70,114,66,"52436"
113,"spotify:track:4fYte8ZvTK14NEhAOZocBi","OneRepublic","I Ain't Worried","Mosley Music/Interscope Records",17,128,91,"52175"
114,"spotify:track:3vkCueOmm7xQDoJ17W1Pm3","Mitski","My Love Mine All Mine","Dead Oceans",71,106,22,"52031"
115,"spotify:track:5tEaVciE2GnR28aN6W9cLS","¥$, Kanye West, Ty Dolla $ign","FUK SUMN","Ye",35,77,3,"51883"
116,"spotify:track:7MXVkk9YMctZqd1Srtv4MB","The Weeknd, Daft Punk","Starboy","Universal Republic Records",2,113,129,"51558"
117,"spotify:track:0XilNm77D1XTBEMFHNoHGr","ekhoe","Százszorszép","On The Low Inc.",6,110,47,"51182"
118,"spotify:track:000n6Lx4yqUAslF1x3JeFY","Azahriah, DESH, Young Fly, Lord Panamo, Copy Con","béke","Supermanagement",4,105,28,"50865"
119,"spotify:track:38qhsm0c4QVk6BMhtvZFWv","ByeAlex és a Slepp","Csokko","Gold Record Music Kft.",11,120,38,"50758"
120,"spotify:track:4rXLjWdF2ZZpXCVTfWcshS","Gunna","fukumean","300 Entertainment",37,89,35,"50709"
121,"spotify:track:1LY3GhF0zxIVgbYEQjCbUO","Disturbed, CYRIL","The Sound of Silence - CYRIL Remix","Spinnin' Records",121,173,2,"50152"
122,"spotify:track:4tKGFmENO69tZR9ahgZu48","Sophie Ellis-Bextor","Murder On The Dancefloor","Polydor Records",35,101,8,"49806"
123,"spotify:track:0S2XFRI4Yyd1yWwLQBwEFr","Beton.Hofi, ANUBII$","TÜKÖRTEREM","Banana Records",4,111,15,"49762"
124,"spotify:track:7jtQIBanIiJOMS6RyCx6jZ","Tom Odell","Another Love","ITNO/Columbia",16,125,159,"48873"
125,"spotify:track:1WMymP7Mj6GrI2VReJFSJD","Manuel, Azahriah","Toxic","Gold Record Music Kft.",4,132,57,"48762"
126,"spotify:track:0dqnJ3Qa6XQHaljGJg92ix","Beton.Hofi, ANUBII$","NULLAKÖZÖD","Banana Records",13,126,14,"48100"
127,"spotify:track:7BeoO0doT2iLnmY6wnnexQ","DESH, Azahriah","Eldorádó","Supermanagement",7,118,16,"48034"
128,"spotify:track:1ACA277B6f46DYCgZW8di3","Artemas","if u think i'm pretty","Artemas",128,167,5,"47789"
129,"spotify:track:0iB5f04XdJ2tcfhoVkeLV8","Alok, Mondello'G, CERES, Tribbs","LET'S GET FKD UP","Columbia/B1 Recordings",129,147,3,"47120"
130,"spotify:track:7AZobwHObSuZQDCGXWYuop","Mihályfi Luca, ekhoe","Villám","Gold Record Music Kft.",21,140,32,"47034"
131,"spotify:track:0R7YvZPeHphkV48ffoGmsl","Manuel","3 Nap","Gold Record Music Kft.",8,142,42,"46968"
132,"spotify:track:54ipXppHLA8U4yqpOFTUhr","Imagine Dragons","Bones","Kid Ina Korner / Interscope",15,137,102,"46949"
133,"spotify:track:5LgnPDZJkCfi1GgsWqoqlK","Beton.Hofi, KizzaPing69","16 TONNA FEHÉR HÓ","Banana Records",19,104,4,"46920"
134,"spotify:track:2bLqfJjuC5syrsgDsZfGmn","Timbaland, Keri Hilson, D.O.E.","The Way I Are","Interscope/Blackground Records",107,129,11,"46707"
135,"spotify:track:7xdiiqtQPUXrKcd6BoFyYd","Azahriah, DESH","bulbaba","Supermanagement",8,121,28,"46524"
136,"spotify:track:3xby7fOyqmeON8jsnom0AT","Travis Scott, Swae Lee, Chief Keef","Nightcrawler (feat. Swae Lee & Chief Keef)","Cactus Jack / Epic",131,131,3,"46283"
137,"spotify:track:2OcJ6IFLooNGjyiL9HaDab","Manuel","100 Hiba","Gold Record Music Kft.",1,143,51,"46236"
138,"spotify:track:2QjOHCTQ1Jl3zawyYOpxh6","The Neighbourhood","Sweater Weather","Columbia",37,136,180,"46133"
139,"spotify:track:7gaA3wERFkFkgivjwbSvkG","Ariana Grande","yes, and?","Republic Records",11,116,7,"45732"
140,"spotify:track:2YSzYUF3jWqb9YP9VXmpjE","Drake, Yeat","IDGAF (feat. Yeat)","OVO/Republic",26,123,21,"45668"
141,"spotify:track:3XqM8hLCEYlbnFjoWwqtFv","Chris Brown","Angel Numbers / Ten Toes","Chris Brown Entertainment/RCA Records",74,124,8,"45583"
142,"spotify:track:63p0noYOc50p5KRUfJyukt","VALMAR, Manuel","Éget a nap","VLMR MUSIC",5,151,142,"45365"
143,"spotify:track:36gcliMRX1vCpgnrZE3dFZ","Tiësto, Tate McRae","10:35","Atlantic Records",29,144,68,"45355"
144,"spotify:track:7lQ8MOhq6IN2w8EYcFNSUk","Eminem","Without Me","Aftermath",46,138,295,"45268"
145,"spotify:track:2zzQFIe6kZ53LffgplVLSd","Dzsúdló","FÜGGŐ","Supermanagement",10,159,39,"44959"
146,"spotify:track:1jI95q1ZSLZuVNdOMwaoUL","KKevin, L.L. Junior","Csavargó","KKEVIN",2,163,58,"44734"
147,"spotify:track:6CtkOrN7YjgYpKOf7ZLTSw","ByeAlex és a Slepp","esik a hó","Gold Record Music Kft.",147,-1,1,"44473"
148,"spotify:track:6uTPdRrEDeH8Fyg5L5qmeU","Flo Milli","Never Lose Me","'94 Sounds/RCA Records",121,130,6,"44443"
149,"spotify:track:3JhgPs7rbmzLBWRvHlel8U","MEDUZA, James Carter, Elley Duhé, FAST BOY","Bad Memories","Universal-Island Records Ltd.",33,168,81,"44350"
150,"spotify:track:2FDTHlrBguDzQkp7PVj16Q","Dave, Central Cee","Sprinter","Neighbourhood / Live Yours",12,145,39,"44087"
151,"spotify:track:3BKD1PwArikchz2Zrlp1qi","David Guetta, Anne-Marie, Coi Leray","Baby Don't Hurt Me","Parlophone UK",58,148,42,"43715"
152,"spotify:track:2mbj3tpeGu8p99eLAm7Rhy","Mihályfi Luca, Csoky","Valentino","Gold Record Music Kft.",16,134,21,"43599"
153,"spotify:track:2iikrNErUXVZ9dgWzNHGsQ","Dzsúdló","Spanom","Supermanagement",39,164,162,"43574"
154,"spotify:track:2QQuKHdhPoAJchgY0HPw96","Flo Rida, Kesha","Right Round","Poe Boy/Atlantic",152,152,4,"43425"
155,"spotify:track:4AWwa8me7EnMp6xCXnRTWo","R3HAB, INNA, Sash!","Rock My Body","Spinnin' Records",108,170,32,"43217"
156,"spotify:track:5YdnOm5990Kfq1Jodws98B","Felix Jaehn, Ray Dalton","Call It Love","Virgin",103,174,53,"43160"
157,"spotify:track:3Ccwu3ujS9lyxW9CtTchk8","Dzsúdló","KERINGŐ","Supermanagement",10,158,26,"43116"
158,"spotify:track:5V8I1Hb3ISzuPtQpLQCqWz","Follow The Flow","Tavasz","Supermanagement",11,149,148,"42641"
159,"spotify:track:6nVEV8CIU4dw12oVZbKJtl","Elley Duhé, Whethan","MONEY ON THE DASH - SPED UP","Not Fit For Society, Inc./Good Luck Have Fun Records",147,165,6,"42616"
160,"spotify:track:1hqs7GPk99VxcGFIhqjkrx","Krúbi","Partyzán","Krúbi",3,146,35,"42379"
161,"spotify:track:60a0Rd6pjrkxjPbaKzXjfq","Linkin Park","In the End","Warner Records",6,186,215,"42272"
162,"spotify:track:4eaFdoeNPJmZZSfXw3Qp6k","BERRY","Ártanál","BERRY",162,-1,1,"42268"
163,"spotify:track:4Dvkj6JhhA12EX05fT7y2e","Harry Styles","As It Was","Columbia",1,161,98,"42184"
164,"spotify:track:1CcLA0eaauck34YEIrvAAq","David Guetta, Kim Petras","When We Were Young (The Logical Song)","Parlophone UK",164,-1,1,"42156"
165,"spotify:track:22skzmqfdWrjJylampe0kt","Macklemore & Ryan Lewis, Macklemore, Ryan Lewis, Ray Dalton","Can't Hold Us (feat. Ray Dalton)","Macklemore",64,156,260,"42122"
166,"spotify:track:46j71g74J8rWbBXqyUtzEb","T. Danny, Szakács Gergő","Az Életem","T. Danny",17,135,16,"42119"
167,"spotify:track:0VjIjW4GlUZAMYd2vXMi3b","The Weeknd","Blinding Lights","Republic Records",1,155,218,"41992"
168,"spotify:track:1kuGVB7EU95pJObxwvfwKS","Olivia Rodrigo","vampire","Olivia Rodrigo PS",25,169,34,"41297"
169,"spotify:track:6bmTNiH8blviXxFDVoAuL7","Azahriah, DESH","vicc","Supermanagement",7,139,28,"41035"
170,"spotify:track:1rAzOr3zpUDRtN2zsqGHiG","Linkin Park","Friendly Fire","Warner Records",170,-1,1,"40939"
171,"spotify:track:2HafqoJbgXdtjwCOvNEF14","iñigo quintero","Si No Estás","Acqustic",10,150,22,"40721"
172,"spotify:track:6wf7Yu7cxBSPrRlWeSeK0Q","Billie Eilish","What Was I Made For? [From The Motion Picture ""Barbie""]","Darkroom/Interscope Records",18,153,32,"40637"
173,"spotify:track:2R53XUHKpIDBau4xAvzhCY","DESH, Young Fly","Honeymoon","Supermanagement",19,-1,19,"40540"
174,"spotify:track:6EtKlIQmGPB9SX8UjDJG5s","Labrinth","Formula","Masterworks",45,171,54,"40254"
175,"spotify:track:6zFRchn52NT2s5Brvqmsqn","Pogány Induló, ekhoe, Ótvar Pestis","12+1","ASAN Budapest",17,183,49,"40216"
176,"spotify:track:0kdqcbwei4MDWFEX5f33yG","Creepy Nuts","Bling-Bang-Bang-Born","Sony Music Labels Inc.",140,162,7,"40078"
177,"spotify:track:5VhlIGTKfUypfQ950eC7pI","Pogány Induló","Pogi Hip-Hop","ASAN Budapest",9,157,54,"39962"
178,"spotify:track:63ZedTAVRCICh2CNLWnsPZ","Beny Jr, Morad, K y B","Sigue","K y B",178,-1,1,"39854"
179,"spotify:track:3sUOONjFxjepoSXvKYrz5E","Dzsúdló, Lil Frakk","Lej","Supermanagement",10,196,217,"39565"
180,"spotify:track:535x8FTM99UR6ZhZN8BM4A","Jagwar Twin","Bad Feeling (Oompa Loompa)","Big Loud Rock",71,141,9,"39504"
181,"spotify:track:086myS9r57YsLbJpU0TgK9","Arctic Monkeys","Why'd You Only Call Me When You're High?","Domino Recording Co",102,178,87,"39373"
182,"spotify:track:2Hh3ETdQKrmSI3QS0hme7g","Metro Boomin, Future, Don Toliver","Too Many Nights (feat. Don Toliver & with Future)","Republic Records",51,154,53,"39267"
183,"spotify:track:2tpWsVSb9UEmDRxAl1zhX1","OneRepublic","Counting Stars","Mosley / Interscope",104,191,118,"38956"
184,"spotify:track:7yCF65vpc7sUwPjftI0iFb","Ace of Base","Happy Nation","Playground Music",139,166,5,"38938"
185,"spotify:track:3Mls3f2j9xGRqRRsoKA0Ef","Azahriah, DESH","Felednéd","Supermanagement",6,177,85,"38850"
186,"spotify:track:2HRgqmZQC0MC7GeNuDIXHN","Jung Kook, Latto","Seven (feat. Latto) (Explicit Ver.)","BIGHIT MUSIC",30,193,28,"38787"
187,"spotify:track:7z8qjxDBAIVfYhZdiJslaS","Ótvar Pestis, Pogány Induló","Alattam","ASAN Budapest",66,176,19,"38713"
188,"spotify:track:1qE47wUKG2juJwPoLqg4C9","Major Lazer, MØ, DJ Snake","Lean On (feat. MØ & DJ Snake)","Third Pardee Records",84,-1,54,"38691"
189,"spotify:track:14b5S9m1tvXKEiSWAdw62r","Follow The Flow","Maradok távol","Supermanagement",7,179,223,"38401"
190,"spotify:track:48vIfHaK7by6x0T6ucpODL","Madison Beer","Make You Mine","Epic/Sing It Loud",141,160,3,"38293"
191,"spotify:track:6dpLxbF7lfCAnC9QRTjNLK","Good Neighbours","Home","Some Action",191,-1,1,"38223"
192,"spotify:track:4pt5fDVTg5GhEvEtlz9dKk","Måneskin","I WANNA BE YOUR SLAVE","RCA Records Label",2,-1,81,"38084"
193,"spotify:track:1zi7xx7UVEFkmKfv06H8x0","Drake, Wizkid, Kyla","One Dance","Cash Money Records/Young Money Ent./Universal Rec.",15,197,38,"38080"
194,"spotify:track:561jH07mF1jHuk7KlaeF0s","Eminem","Mockingbird","Aftermath",15,182,71,"38060"
195,"spotify:track:017rg2t7Non5uF7AiNQpRK","Nemes","Káosz","Nemes 96",82,175,31,"37985"
196,"spotify:track:6gBFPUFcJLzWGx4lenP6h2","Travis Scott","goosebumps","Cactus Jack / Epic",10,184,113,"37909"
197,"spotify:track:3USxtqRwSYz57Ewm6wWRMp","Glass Animals","Heat Waves","Polydor Records",2,-1,158,"37838"
198,"spotify:track:1zv3WFUbZ5vPxFq9I2jAU1","Rihanna, Calvin Harris","We Found Love","Def Jam Recordings",123,-1,3,"37712"
199,"spotify:track:1FjhV0AkAST45DpO7kHuBB","Krúbi","Krúbi Interjú","Krúbi",4,185,31,"37708"
200,"spotify:track:1JzH2IS7bVWpMkNIJqywaB","Lost Frequencies, Calum Scott","Where Are You Now","Epic Amsterdam",3,-1,126,"37614"
